a_s = 2.1005829616811546e-09
baryon_fraction = 0.15618203369111142
cosmomc_theta = 0.0104
h0 = 0.6653713201081151
hubble = 66.5371320108115
k = -0.0
log1e10as = 3.0448
mnu = 0.06
n_s = 0.96
nnu = 3.046
num_massive_neutrinos = 3
ombh2 = 0.02233
omch2 = 0.12
omega_b = 0.050438314871678436
omega_c = 0.2710522966682226
omega_k = 0.0
omega_lambda = 0.6770543084908687
omega_m = 0.3229456915091314
omega_nu = 0.0014550799692303127
omlamh2 = 0.29974480208279797
ommh2 = 0.14297419153961777
omnuh2 = 0.0006441915396177796
tau = 0.0543
yhe = 0.245341
